2.110138893127441406e+00
1.729198455810546875e+00
1.094834208488464355e+00
1.112160682678222656e+00
1.036877393722534180e+00
9.954941868782043457e-01
9.739496111869812012e-01
9.180081486701965332e-01
8.684034347534179688e-01
8.117420673370361328e-01
7.552897930145263672e-01
7.116385698318481445e-01
6.799302101135253906e-01
6.538820862770080566e-01
6.253991127014160156e-01
6.073939204216003418e-01
6.010957360267639160e-01
5.895464420318603516e-01
5.838148593902587891e-01
5.837793350219726562e-01
5.722759366035461426e-01
5.676845312118530273e-01
5.646081566810607910e-01
5.563588142395019531e-01
5.610463619232177734e-01
5.431435704231262207e-01
5.443341135978698730e-01
5.324028730392456055e-01
5.248906016349792480e-01
5.248519778251647949e-01
5.108398795127868652e-01
4.948495030403137207e-01
5.080900192260742188e-01
5.020499825477600098e-01
5.186932086944580078e-01
4.931484758853912354e-01
4.913694262504577637e-01
4.933540821075439453e-01
4.877018928527832031e-01
4.844760596752166748e-01
4.868022799491882324e-01
4.833739101886749268e-01
4.864267110824584961e-01
4.758352637290954590e-01
4.816893041133880615e-01
4.941202998161315918e-01
4.806346297264099121e-01
4.787057936191558838e-01
4.791623055934906006e-01
4.772973358631134033e-01
4.886356890201568604e-01
4.796888232231140137e-01
4.765019714832305908e-01
4.799615442752838135e-01
4.794380366802215576e-01
4.776221811771392822e-01
4.805021882057189941e-01
4.781109690666198730e-01
4.723803400993347168e-01
4.737868010997772217e-01
4.775541424751281738e-01
4.746889173984527588e-01
4.727558493614196777e-01
4.724924862384796143e-01
4.803908169269561768e-01
4.763869941234588623e-01
4.765094816684722900e-01
4.776637554168701172e-01
4.730567634105682373e-01
4.775078594684600830e-01
4.729907512664794922e-01
4.748397767543792725e-01
4.740598201751708984e-01
4.732176363468170166e-01
4.775448143482208252e-01
4.739571809768676758e-01
4.686388969421386719e-01
4.707726240158081055e-01
4.720340371131896973e-01
4.735028147697448730e-01
4.710472524166107178e-01
4.747461676597595215e-01
4.775325059890747070e-01
4.722774028778076172e-01
4.693204760551452637e-01
4.718134999275207520e-01
4.713150560855865479e-01
4.722346067428588867e-01
4.714798629283905029e-01
4.739209115505218506e-01
4.715334773063659668e-01
4.694088399410247803e-01
4.700970053672790527e-01
4.698269069194793701e-01
4.743422567844390869e-01
4.714678227901458740e-01
4.735274016857147217e-01
4.711432456970214844e-01
4.709867835044860840e-01
4.723318815231323242e-01
4.715082943439483643e-01
4.689929187297821045e-01
4.694296717643737793e-01
4.703903496265411377e-01
4.716879129409790039e-01
4.743039011955261230e-01
4.710471630096435547e-01
4.710991382598876953e-01
4.717265963554382324e-01
4.715408384799957275e-01
4.708348512649536133e-01
4.697343409061431885e-01
4.701063036918640137e-01
4.681051373481750488e-01
4.738198816776275635e-01
4.717946350574493408e-01
4.719860255718231201e-01
4.714920520782470703e-01
4.710657894611358643e-01
4.678160846233367920e-01
4.715109467506408691e-01
4.704350531101226807e-01
4.714872837066650391e-01
4.685876369476318359e-01
4.689303338527679443e-01
4.736431837081909180e-01
4.682671725749969482e-01
4.695179462432861328e-01
4.697185158729553223e-01
4.715756177902221680e-01
4.702628850936889648e-01
4.710998833179473877e-01
4.677536785602569580e-01
4.707037806510925293e-01
4.681557118892669678e-01
4.707171320915222168e-01
4.715591967105865479e-01
4.727004766464233398e-01
4.673200547695159912e-01
4.734638035297393799e-01
4.729882478713989258e-01
4.721595346927642822e-01
4.729953110218048096e-01
4.719920754432678223e-01
4.713668823242187500e-01
4.659944176673889160e-01
4.716603457927703857e-01
4.717846810817718506e-01
4.704537093639373779e-01
4.718581736087799072e-01
4.690410792827606201e-01
4.701440036296844482e-01
4.696570932865142822e-01
4.701510667800903320e-01
4.719923138618469238e-01
4.703626632690429688e-01
4.690893292427062988e-01
4.692169427871704102e-01
4.699431061744689941e-01
4.698651731014251709e-01
4.685101211071014404e-01
4.726366996765136719e-01
4.699905514717102051e-01
4.698949754238128662e-01
4.700710475444793701e-01
4.699894487857818604e-01
4.695418179035186768e-01
4.710701107978820801e-01
4.716334044933319092e-01
4.682037830352783203e-01
4.728085696697235107e-01
4.708493947982788086e-01
4.704753756523132324e-01
4.721959531307220459e-01
4.690527319908142090e-01
4.724362492561340332e-01
4.655372500419616699e-01
4.695031940937042236e-01
4.658996462821960449e-01
4.693122804164886475e-01
4.728944599628448486e-01
4.739523530006408691e-01
4.674084782600402832e-01
4.694102108478546143e-01
4.717571735382080078e-01
4.726454317569732666e-01
4.653716385364532471e-01
4.682173728942871094e-01
4.713318645954132080e-01
4.699746966361999512e-01
4.702837467193603516e-01
4.689843952655792236e-01
4.679180979728698730e-01
4.696452021598815918e-01
4.698479175567626953e-01
4.705685675144195557e-01
4.703068137168884277e-01
4.693939089775085449e-01
4.700557589530944824e-01
4.702439308166503906e-01
4.690708518028259277e-01
4.711472690105438232e-01
4.706892967224121094e-01
4.694930016994476318e-01
4.701510369777679443e-01
4.718924760818481445e-01
4.709967672824859619e-01
4.691503942012786865e-01
4.656800627708435059e-01
4.683453142642974854e-01
4.659502208232879639e-01
4.701834022998809814e-01
4.680560231208801270e-01
4.657700657844543457e-01
4.643083214759826660e-01
4.718952178955078125e-01
4.691467285156250000e-01
4.673140943050384521e-01
4.687301218509674072e-01
4.697138369083404541e-01
4.679064154624938965e-01
4.683190286159515381e-01
4.675051569938659668e-01
4.688843488693237305e-01
4.718616306781768799e-01
4.687280356884002686e-01
4.674298763275146484e-01
4.705584049224853516e-01
4.675629138946533203e-01
4.693549275398254395e-01
4.674420058727264404e-01
4.705325365066528320e-01
4.668579101562500000e-01
4.714197516441345215e-01
4.702115952968597412e-01
4.696364104747772217e-01
4.693098962306976318e-01
4.696402847766876221e-01
4.730382561683654785e-01
4.712161719799041748e-01
4.709444046020507812e-01
4.686391055583953857e-01
4.685201048851013184e-01
4.711196422576904297e-01
4.707769155502319336e-01
4.676781892776489258e-01
4.701862931251525879e-01
4.634327292442321777e-01
4.684121012687683105e-01
4.685186743736267090e-01
4.709721505641937256e-01
4.708873033523559570e-01
4.741266667842864990e-01
4.680007696151733398e-01
4.702204167842864990e-01
4.685629010200500488e-01
4.686684310436248779e-01
4.680995047092437744e-01
4.635018110275268555e-01
4.718912541866302490e-01
4.683805108070373535e-01
4.668392539024353027e-01
4.707346558570861816e-01
4.680793285369873047e-01
4.686245918273925781e-01
4.698735773563385010e-01
4.700920283794403076e-01
4.713139235973358154e-01
4.678810834884643555e-01
4.699250757694244385e-01
4.718330204486846924e-01
4.691187739372253418e-01
4.666735529899597168e-01
4.697073400020599365e-01
4.677159190177917480e-01
4.674239456653594971e-01
4.683163762092590332e-01
4.692599177360534668e-01
4.744553565979003906e-01
4.667752385139465332e-01
4.678478240966796875e-01
4.686173498630523682e-01
4.688843786716461182e-01
4.704075455665588379e-01
4.713809490203857422e-01
4.694414734840393066e-01
4.699760675430297852e-01
4.724003672599792480e-01
4.718428254127502441e-01
4.673137962818145752e-01
4.724016785621643066e-01
4.679906964302062988e-01
4.699525237083435059e-01
4.682803153991699219e-01
4.686278998851776123e-01
4.691871702671051025e-01
4.702690541744232178e-01
4.699254631996154785e-01
4.708178937435150146e-01
4.732539653778076172e-01
4.693440496921539307e-01
4.686626195907592773e-01
4.698404371738433838e-01
4.691050946712493896e-01
4.672061204910278320e-01
4.665038287639617920e-01
4.706808924674987793e-01
4.708471000194549561e-01
4.666244983673095703e-01
4.661801159381866455e-01
4.695026278495788574e-01
4.706696867942810059e-01
4.713971316814422607e-01
4.691405892372131348e-01
4.707193970680236816e-01
4.692193567752838135e-01
4.673615992069244385e-01
4.719612300395965576e-01
4.709824323654174805e-01
4.691634476184844971e-01
4.712037444114685059e-01
4.715037345886230469e-01
4.710798263549804688e-01
4.684512913227081299e-01
4.676024317741394043e-01
4.698946774005889893e-01
4.698963165283203125e-01
4.687362909317016602e-01
4.681128859519958496e-01
4.677581489086151123e-01
4.670748710632324219e-01
4.689602851867675781e-01
4.690420329570770264e-01
4.673827588558197021e-01
4.692774713039398193e-01
4.663623869419097900e-01
4.687539637088775635e-01
4.673649966716766357e-01
4.690191447734832764e-01
4.697783291339874268e-01
4.673316478729248047e-01
4.636301100254058838e-01
4.666710793972015381e-01
4.642453193664550781e-01
4.679731726646423340e-01
4.701956510543823242e-01
4.728394150733947754e-01
4.665645360946655273e-01
4.691877365112304688e-01
4.709501266479492188e-01
4.707923233509063721e-01
4.689689874649047852e-01
4.668037295341491699e-01
4.688692688941955566e-01
4.701073765754699707e-01
4.745497107505798340e-01
4.697094261646270752e-01
4.679652452468872070e-01
4.687594473361968994e-01
4.695598483085632324e-01
4.688904881477355957e-01
4.694248735904693604e-01
4.651745557785034180e-01
4.666348397731781006e-01
4.668447673320770264e-01
4.690989851951599121e-01
4.698175489902496338e-01
4.691194891929626465e-01
4.720185995101928711e-01
4.697016179561614990e-01
4.653503000736236572e-01
4.712038934230804443e-01
4.683459401130676270e-01
4.697807133197784424e-01
4.705489873886108398e-01
4.679786860942840576e-01
4.693867862224578857e-01
4.680113494396209717e-01
4.680607914924621582e-01
4.685773253440856934e-01
4.685937166213989258e-01
4.675581157207489014e-01
4.659794867038726807e-01
4.669434130191802979e-01
4.682793319225311279e-01
4.682696759700775146e-01
4.702997803688049316e-01
4.686946868896484375e-01
4.693758785724639893e-01
4.682473540306091309e-01
4.696145951747894287e-01
4.683796763420104980e-01
4.713748395442962646e-01
4.683991968631744385e-01
4.706813097000122070e-01
4.694383144378662109e-01
4.683417677879333496e-01
4.681880474090576172e-01
4.682280123233795166e-01
4.665094614028930664e-01
