2.226614952087402344e+00
2.040022373199462891e+00
1.181011915206909180e+00
1.122334003448486328e+00
1.051078438758850098e+00
9.997712373733520508e-01
9.712451100349426270e-01
9.353067874908447266e-01
8.945367336273193359e-01
8.551663756370544434e-01
8.175144195556640625e-01
7.814596295356750488e-01
7.271372079849243164e-01
6.775090694427490234e-01
6.399642825126647949e-01
6.133430600166320801e-01
6.060986518859863281e-01
5.986753106117248535e-01
5.906857252120971680e-01
5.780221223831176758e-01
5.786948800086975098e-01
5.751208662986755371e-01
5.682157874107360840e-01
5.791309475898742676e-01
5.689268708229064941e-01
5.604218840599060059e-01
5.739576816558837891e-01
5.466571450233459473e-01
5.376163721084594727e-01
5.701047182083129883e-01
5.649378895759582520e-01
5.590248107910156250e-01
5.552194714546203613e-01
5.479258894920349121e-01
5.445680618286132812e-01
5.446428656578063965e-01
5.337390303611755371e-01
5.324100255966186523e-01
5.460288524627685547e-01
5.315121412277221680e-01
5.203481912612915039e-01
5.210655927658081055e-01
5.210680365562438965e-01
5.172757506370544434e-01
5.151948928833007812e-01
5.144440531730651855e-01
5.091543197631835938e-01
5.065248012542724609e-01
5.030768513679504395e-01
5.163645744323730469e-01
4.959719479084014893e-01
4.861195981502532959e-01
4.927855134010314941e-01
4.900234639644622803e-01
4.922475516796112061e-01
4.846310615539550781e-01
4.903458356857299805e-01
4.875091612339019775e-01
4.810675382614135742e-01
4.868836104869842529e-01
4.854407310485839844e-01
4.842594861984252930e-01
4.827783107757568359e-01
4.744799137115478516e-01
4.758040606975555420e-01
4.819451868534088135e-01
4.734221994876861572e-01
4.814432561397552490e-01
4.748376607894897461e-01
4.702465832233428955e-01
4.750040471553802490e-01
4.776285588741302490e-01
4.772912859916687012e-01
4.719141721725463867e-01
4.750062823295593262e-01
4.740614295005798340e-01
4.781329631805419922e-01
4.701358377933502197e-01
4.766533672809600830e-01
4.736673533916473389e-01
4.711493253707885742e-01
4.768246114253997803e-01
4.810048639774322510e-01
4.686036109924316406e-01
4.710257947444915771e-01
4.722451567649841309e-01
4.715091288089752197e-01
4.735752344131469727e-01
4.677862524986267090e-01
4.728843867778778076e-01
4.731223881244659424e-01
4.668797850608825684e-01
4.755790531635284424e-01
4.731380641460418701e-01
4.722242653369903564e-01
4.690931439399719238e-01
4.714087247848510742e-01
4.682261347770690918e-01
4.700475931167602539e-01
4.754728674888610840e-01
4.691105782985687256e-01
4.697361886501312256e-01
4.728328585624694824e-01
4.699771404266357422e-01
4.697399437427520752e-01
4.706792533397674561e-01
4.732884466648101807e-01
4.686760604381561279e-01
4.712404012680053711e-01
4.690065383911132812e-01
4.693690538406372070e-01
4.723784923553466797e-01
4.729027450084686279e-01
4.759900271892547607e-01
4.699630141258239746e-01
4.715271890163421631e-01
4.726754724979400635e-01
4.678840935230255127e-01
4.732226133346557617e-01
4.678271710872650146e-01
4.695481657981872559e-01
4.696302711963653564e-01
4.710479974746704102e-01
4.680962562561035156e-01
4.636064171791076660e-01
4.727561473846435547e-01
4.696930348873138428e-01
4.727251529693603516e-01
4.712200164794921875e-01
4.699781239032745361e-01
4.684635400772094727e-01
4.697669446468353271e-01
4.692588746547698975e-01
4.699204862117767334e-01
4.680044651031494141e-01
4.693382978439331055e-01
4.701074957847595215e-01
4.693354368209838867e-01
4.696793854236602783e-01
4.704631268978118896e-01
4.733405113220214844e-01
4.691998362541198730e-01
4.759395420551300049e-01
4.697766304016113281e-01
4.725711941719055176e-01
4.696567058563232422e-01
4.709324240684509277e-01
4.695237278938293457e-01
4.690999686717987061e-01
4.662429690361022949e-01
4.706755280494689941e-01
4.707863032817840576e-01
4.702507853507995605e-01
4.664063155651092529e-01
4.727540314197540283e-01
4.695636630058288574e-01
4.707641005516052246e-01
4.674087464809417725e-01
4.707829356193542480e-01
4.708177745342254639e-01
4.716023504734039307e-01
4.659830629825592041e-01
4.705635607242584229e-01
4.758107364177703857e-01
4.687725603580474854e-01
4.709858298301696777e-01
4.692477285861968994e-01
4.705031216144561768e-01
4.689613282680511475e-01
4.713417589664459229e-01
4.708793461322784424e-01
4.697051942348480225e-01
4.699864089488983154e-01
4.689137637615203857e-01
4.731959700584411621e-01
4.707081317901611328e-01
4.675919711589813232e-01
4.680935740470886230e-01
4.733659625053405762e-01
4.685901105403900146e-01
4.727498590946197510e-01
4.664986729621887207e-01
4.752579331398010254e-01
4.672960638999938965e-01
4.700534045696258545e-01
4.698663949966430664e-01
4.678968191146850586e-01
4.697644710540771484e-01
4.689745903015136719e-01
4.677702784538269043e-01
4.688192009925842285e-01
4.712251126766204834e-01
4.692710936069488525e-01
4.690418839454650879e-01
4.675593078136444092e-01
4.692397415637969971e-01
4.680813848972320557e-01
4.728606939315795898e-01
4.707788527011871338e-01
4.711362123489379883e-01
4.728225171566009521e-01
4.687955677509307861e-01
4.669118523597717285e-01
4.685947000980377197e-01
4.681138098239898682e-01
4.654635488986968994e-01
4.695066213607788086e-01
4.690375030040740967e-01
4.674346446990966797e-01
4.690895974636077881e-01
4.686097204685211182e-01
4.670824408531188965e-01
4.667248427867889404e-01
4.715974628925323486e-01
4.697640538215637207e-01
4.691002666950225830e-01
4.678499698638916016e-01
4.654317200183868408e-01
4.704771041870117188e-01
4.708187878131866455e-01
4.689096510410308838e-01
4.694524109363555908e-01
4.709490835666656494e-01
4.730111062526702881e-01
4.685641527175903320e-01
4.703775644302368164e-01
4.699472188949584961e-01
4.685814082622528076e-01
4.665358066558837891e-01
4.670522809028625488e-01
4.691399335861206055e-01
4.708814918994903564e-01
4.708547592163085938e-01
4.685253202915191650e-01
4.667885601520538330e-01
4.677979946136474609e-01
4.708993136882781982e-01
4.705626964569091797e-01
4.691604673862457275e-01
4.702288806438446045e-01
4.663136601448059082e-01
4.697139859199523926e-01
4.712003469467163086e-01
4.703705906867980957e-01
4.692685902118682861e-01
4.680819511413574219e-01
4.683372676372528076e-01
4.712136089801788330e-01
4.692553579807281494e-01
4.669930636882781982e-01
4.692412316799163818e-01
4.710289239883422852e-01
4.699335694313049316e-01
4.683698415756225586e-01
4.663990736007690430e-01
4.700326621532440186e-01
4.696711301803588867e-01
4.704250395298004150e-01
4.715352654457092285e-01
4.712996184825897217e-01
4.706989526748657227e-01
4.675746858119964600e-01
4.692337512969970703e-01
4.676063954830169678e-01
4.711377322673797607e-01
4.674466550350189209e-01
4.722825586795806885e-01
4.664464294910430908e-01
4.701701998710632324e-01
4.669781029224395752e-01
4.680010974407196045e-01
4.737463593482971191e-01
4.686865508556365967e-01
4.676222503185272217e-01
4.705248773097991943e-01
4.695435166358947754e-01
4.690635800361633301e-01
4.684347212314605713e-01
4.706847369670867920e-01
4.671451449394226074e-01
4.686802625656127930e-01
4.693588316440582275e-01
4.655304253101348877e-01
4.690376222133636475e-01
4.700248837471008301e-01
4.688394963741302490e-01
4.709006547927856445e-01
4.692378342151641846e-01
4.705144166946411133e-01
4.695988893508911133e-01
4.712088108062744141e-01
4.668906927108764648e-01
4.645030498504638672e-01
4.689401984214782715e-01
4.701465070247650146e-01
4.679203033447265625e-01
4.658473134040832520e-01
4.675539433956146240e-01
4.696483910083770752e-01
4.708645343780517578e-01
4.669858813285827637e-01
4.693699777126312256e-01
4.677168726921081543e-01
4.677522182464599609e-01
4.736481308937072754e-01
4.693391323089599609e-01
4.682533740997314453e-01
4.716511666774749756e-01
4.719590246677398682e-01
4.705834090709686279e-01
4.657039046287536621e-01
4.684608280658721924e-01
4.688591063022613525e-01
4.704198539257049561e-01
4.671173095703125000e-01
4.667203724384307861e-01
4.712233543395996094e-01
4.690591096878051758e-01
4.670817255973815918e-01
4.701626896858215332e-01
4.681644737720489502e-01
4.676325023174285889e-01
4.703969359397888184e-01
4.689184129238128662e-01
4.672180116176605225e-01
4.672322571277618408e-01
4.696502089500427246e-01
4.673171639442443848e-01
4.697639942169189453e-01
4.699120819568634033e-01
4.667184352874755859e-01
4.671423733234405518e-01
4.704628884792327881e-01
4.680863916873931885e-01
4.686231613159179688e-01
4.682542383670806885e-01
4.707023501396179199e-01
4.673027694225311279e-01
4.716203212738037109e-01
4.710587561130523682e-01
4.667550325393676758e-01
4.672131538391113281e-01
4.626302719116210938e-01
4.700501859188079834e-01
4.681976437568664551e-01
4.676932990550994873e-01
4.701521098613739014e-01
4.671847522258758545e-01
4.689981639385223389e-01
4.695535004138946533e-01
4.682261347770690918e-01
4.653295278549194336e-01
4.727108180522918701e-01
4.748286008834838867e-01
4.693217277526855469e-01
4.690771698951721191e-01
4.683777391910552979e-01
4.729743301868438721e-01
4.684487283229827881e-01
4.708346128463745117e-01
4.654866158962249756e-01
4.709558486938476562e-01
4.669888317584991455e-01
4.704875349998474121e-01
4.690367281436920166e-01
4.714700281620025635e-01
4.701767563819885254e-01
4.700353443622589111e-01
4.684391021728515625e-01
4.683082401752471924e-01
4.683913886547088623e-01
4.698708653450012207e-01
4.695904552936553955e-01
4.714103937149047852e-01
4.689187705516815186e-01
4.676935970783233643e-01
4.668202698230743408e-01
4.732815623283386230e-01
4.672894477844238281e-01
4.695456326007843018e-01
4.670699536800384521e-01
4.694737792015075684e-01
4.694077670574188232e-01
4.696251153945922852e-01
4.721295535564422607e-01
4.699545204639434814e-01
4.685939252376556396e-01
4.698385894298553467e-01
4.667099714279174805e-01
4.702273607254028320e-01
4.681398570537567139e-01
4.690027534961700439e-01
4.703053534030914307e-01
4.701675176620483398e-01
4.679825901985168457e-01
4.685688614845275879e-01
4.716621935367584229e-01
4.723138809204101562e-01
4.690392613410949707e-01
4.699346125125885010e-01
