5.999999999999999778e-02
7.777777777777777901e-01
7.777777777777777901e-01
7.777777777777777901e-01
7.777777777777777901e-01
7.777777777777777901e-01
7.777777777777777901e-01
7.777777777777777901e-01
7.777777777777777901e-01
7.777777777777777901e-01
7.777777777777777901e-01
7.777777777777777901e-01
7.777777777777777901e-01
7.777777777777777901e-01
7.777777777777777901e-01
7.777777777777777901e-01
7.844444444444444997e-01
7.888888888888888618e-01
7.822222222222222632e-01
7.822222222222222632e-01
7.977777777777778079e-01
7.933333333333333348e-01
8.000000000000000444e-01
7.777777777777777901e-01
8.044444444444444065e-01
7.911111111111110983e-01
8.111111111111111160e-01
7.911111111111110983e-01
8.000000000000000444e-01
8.022222222222221699e-01
7.911111111111110983e-01
8.066666666666666430e-01
7.977777777777778079e-01
8.000000000000000444e-01
7.977777777777778079e-01
8.022222222222221699e-01
7.955555555555555713e-01
7.933333333333333348e-01
7.933333333333333348e-01
8.066666666666666430e-01
8.044444444444444065e-01
8.111111111111111160e-01
7.977777777777778079e-01
8.022222222222221699e-01
8.066666666666666430e-01
7.933333333333333348e-01
8.022222222222221699e-01
8.133333333333333526e-01
7.977777777777778079e-01
7.977777777777778079e-01
8.000000000000000444e-01
8.199999999999999512e-01
8.000000000000000444e-01
7.977777777777778079e-01
8.044444444444444065e-01
8.044444444444444065e-01
7.933333333333333348e-01
8.066666666666666430e-01
8.066666666666666430e-01
8.000000000000000444e-01
8.000000000000000444e-01
8.000000000000000444e-01
8.066666666666666430e-01
8.022222222222221699e-01
7.911111111111110983e-01
7.977777777777778079e-01
8.022222222222221699e-01
8.022222222222221699e-01
8.088888888888888795e-01
7.977777777777778079e-01
7.977777777777778079e-01
8.066666666666666430e-01
8.022222222222221699e-01
8.022222222222221699e-01
8.066666666666666430e-01
7.955555555555555713e-01
8.022222222222221699e-01
7.866666666666666252e-01
8.088888888888888795e-01
7.888888888888888618e-01
7.955555555555555713e-01
8.022222222222221699e-01
7.933333333333333348e-01
8.022222222222221699e-01
8.066666666666666430e-01
8.288888888888888973e-01
8.111111111111111160e-01
8.022222222222221699e-01
7.955555555555555713e-01
7.977777777777778079e-01
8.000000000000000444e-01
7.911111111111110983e-01
8.066666666666666430e-01
8.066666666666666430e-01
8.044444444444444065e-01
8.000000000000000444e-01
8.088888888888888795e-01
8.066666666666666430e-01
8.044444444444444065e-01
8.000000000000000444e-01
8.066666666666666430e-01
8.000000000000000444e-01
7.933333333333333348e-01
8.155555555555555891e-01
8.066666666666666430e-01
8.022222222222221699e-01
8.111111111111111160e-01
8.022222222222221699e-01
8.022222222222221699e-01
7.977777777777778079e-01
7.955555555555555713e-01
8.044444444444444065e-01
7.888888888888888618e-01
8.022222222222221699e-01
7.977777777777778079e-01
8.022222222222221699e-01
7.955555555555555713e-01
8.111111111111111160e-01
8.066666666666666430e-01
8.133333333333333526e-01
7.933333333333333348e-01
8.088888888888888795e-01
8.088888888888888795e-01
8.111111111111111160e-01
8.111111111111111160e-01
8.022222222222221699e-01
8.066666666666666430e-01
8.044444444444444065e-01
8.044444444444444065e-01
8.000000000000000444e-01
8.000000000000000444e-01
7.955555555555555713e-01
8.066666666666666430e-01
8.088888888888888795e-01
8.000000000000000444e-01
8.111111111111111160e-01
8.088888888888888795e-01
7.977777777777778079e-01
8.066666666666666430e-01
8.088888888888888795e-01
8.044444444444444065e-01
8.000000000000000444e-01
8.000000000000000444e-01
8.111111111111111160e-01
7.933333333333333348e-01
8.066666666666666430e-01
8.000000000000000444e-01
7.911111111111110983e-01
7.933333333333333348e-01
7.977777777777778079e-01
8.088888888888888795e-01
8.088888888888888795e-01
7.933333333333333348e-01
7.977777777777778079e-01
8.111111111111111160e-01
8.000000000000000444e-01
8.022222222222221699e-01
8.022222222222221699e-01
7.977777777777778079e-01
8.022222222222221699e-01
7.955555555555555713e-01
8.111111111111111160e-01
7.977777777777778079e-01
8.111111111111111160e-01
8.000000000000000444e-01
7.955555555555555713e-01
8.022222222222221699e-01
7.955555555555555713e-01
8.088888888888888795e-01
8.066666666666666430e-01
8.155555555555555891e-01
8.000000000000000444e-01
7.911111111111110983e-01
8.022222222222221699e-01
8.000000000000000444e-01
8.066666666666666430e-01
7.977777777777778079e-01
8.088888888888888795e-01
8.088888888888888795e-01
8.155555555555555891e-01
8.066666666666666430e-01
8.088888888888888795e-01
8.000000000000000444e-01
7.911111111111110983e-01
7.955555555555555713e-01
8.088888888888888795e-01
8.044444444444444065e-01
8.000000000000000444e-01
7.933333333333333348e-01
8.066666666666666430e-01
8.088888888888888795e-01
8.133333333333333526e-01
7.977777777777778079e-01
8.000000000000000444e-01
7.933333333333333348e-01
8.022222222222221699e-01
7.977777777777778079e-01
8.088888888888888795e-01
7.977777777777778079e-01
8.044444444444444065e-01
7.955555555555555713e-01
8.022222222222221699e-01
8.088888888888888795e-01
8.022222222222221699e-01
8.022222222222221699e-01
7.933333333333333348e-01
8.066666666666666430e-01
8.044444444444444065e-01
8.088888888888888795e-01
8.155555555555555891e-01
8.111111111111111160e-01
8.111111111111111160e-01
7.911111111111110983e-01
8.022222222222221699e-01
8.088888888888888795e-01
8.022222222222221699e-01
8.088888888888888795e-01
8.088888888888888795e-01
8.066666666666666430e-01
8.111111111111111160e-01
8.111111111111111160e-01
7.888888888888888618e-01
8.111111111111111160e-01
8.044444444444444065e-01
8.022222222222221699e-01
8.088888888888888795e-01
8.022222222222221699e-01
8.088888888888888795e-01
8.133333333333333526e-01
8.066666666666666430e-01
8.133333333333333526e-01
8.066666666666666430e-01
8.111111111111111160e-01
8.000000000000000444e-01
8.022222222222221699e-01
7.977777777777778079e-01
8.066666666666666430e-01
8.111111111111111160e-01
7.955555555555555713e-01
8.155555555555555891e-01
8.022222222222221699e-01
7.888888888888888618e-01
8.066666666666666430e-01
7.955555555555555713e-01
7.911111111111110983e-01
8.088888888888888795e-01
7.955555555555555713e-01
8.222222222222221877e-01
8.155555555555555891e-01
8.000000000000000444e-01
8.155555555555555891e-01
8.111111111111111160e-01
8.066666666666666430e-01
8.088888888888888795e-01
8.044444444444444065e-01
8.000000000000000444e-01
8.044444444444444065e-01
7.977777777777778079e-01
7.977777777777778079e-01
8.000000000000000444e-01
7.955555555555555713e-01
7.955555555555555713e-01
8.044444444444444065e-01
7.933333333333333348e-01
8.000000000000000444e-01
8.199999999999999512e-01
8.044444444444444065e-01
7.977777777777778079e-01
7.933333333333333348e-01
8.088888888888888795e-01
8.022222222222221699e-01
8.022222222222221699e-01
8.022222222222221699e-01
8.066666666666666430e-01
7.933333333333333348e-01
8.177777777777778256e-01
8.022222222222221699e-01
8.111111111111111160e-01
8.066666666666666430e-01
8.111111111111111160e-01
7.933333333333333348e-01
8.133333333333333526e-01
7.933333333333333348e-01
7.911111111111110983e-01
8.088888888888888795e-01
8.022222222222221699e-01
7.955555555555555713e-01
8.000000000000000444e-01
8.111111111111111160e-01
8.022222222222221699e-01
8.044444444444444065e-01
8.022222222222221699e-01
8.044444444444444065e-01
8.000000000000000444e-01
8.066666666666666430e-01
8.088888888888888795e-01
8.044444444444444065e-01
8.044444444444444065e-01
7.933333333333333348e-01
8.044444444444444065e-01
8.088888888888888795e-01
8.066666666666666430e-01
8.199999999999999512e-01
8.022222222222221699e-01
7.933333333333333348e-01
8.155555555555555891e-01
8.066666666666666430e-01
8.111111111111111160e-01
8.044444444444444065e-01
8.000000000000000444e-01
8.066666666666666430e-01
7.888888888888888618e-01
8.022222222222221699e-01
7.955555555555555713e-01
8.155555555555555891e-01
7.955555555555555713e-01
8.066666666666666430e-01
8.022222222222221699e-01
8.000000000000000444e-01
7.888888888888888618e-01
7.955555555555555713e-01
8.044444444444444065e-01
8.000000000000000444e-01
8.111111111111111160e-01
7.955555555555555713e-01
8.044444444444444065e-01
8.133333333333333526e-01
8.155555555555555891e-01
8.000000000000000444e-01
8.088888888888888795e-01
7.955555555555555713e-01
8.088888888888888795e-01
8.111111111111111160e-01
8.066666666666666430e-01
7.888888888888888618e-01
8.044444444444444065e-01
7.955555555555555713e-01
7.933333333333333348e-01
8.155555555555555891e-01
8.133333333333333526e-01
8.044444444444444065e-01
7.977777777777778079e-01
7.977777777777778079e-01
8.022222222222221699e-01
7.933333333333333348e-01
8.088888888888888795e-01
8.111111111111111160e-01
8.111111111111111160e-01
8.088888888888888795e-01
8.133333333333333526e-01
8.044444444444444065e-01
8.111111111111111160e-01
8.088888888888888795e-01
7.933333333333333348e-01
8.133333333333333526e-01
8.088888888888888795e-01
8.044444444444444065e-01
7.911111111111110983e-01
8.133333333333333526e-01
8.111111111111111160e-01
8.155555555555555891e-01
8.088888888888888795e-01
8.000000000000000444e-01
7.977777777777778079e-01
8.000000000000000444e-01
8.044444444444444065e-01
8.044444444444444065e-01
8.111111111111111160e-01
8.066666666666666430e-01
7.977777777777778079e-01
8.133333333333333526e-01
8.066666666666666430e-01
8.000000000000000444e-01
8.111111111111111160e-01
8.066666666666666430e-01
8.088888888888888795e-01
8.177777777777778256e-01
8.044444444444444065e-01
8.111111111111111160e-01
7.977777777777778079e-01
8.044444444444444065e-01
8.044444444444444065e-01
8.000000000000000444e-01
8.066666666666666430e-01
8.155555555555555891e-01
8.222222222222221877e-01
8.044444444444444065e-01
7.955555555555555713e-01
7.977777777777778079e-01
8.022222222222221699e-01
8.000000000000000444e-01
8.088888888888888795e-01
8.022222222222221699e-01
7.977777777777778079e-01
7.955555555555555713e-01
8.066666666666666430e-01
8.133333333333333526e-01
7.955555555555555713e-01
8.000000000000000444e-01
8.066666666666666430e-01
