2.683642390002205502e-01
7.521195600020291749e-02
7.265669499975047074e-02
7.999075699990498833e-02
7.991894099905039184e-02
7.791817699944658671e-02
7.535972100049548317e-02
7.501859299918578472e-02
7.692559800125309266e-02
7.860608199916896410e-02
8.651459199973032810e-02
7.567820599979313556e-02
7.357822199992369860e-02
7.691075399998226203e-02
7.425085700015188195e-02
8.943607899891503621e-02
7.703235799999674782e-02
7.872757000041019637e-02
7.618501899924012832e-02
7.830377000027510803e-02
8.925400999942212366e-02
7.699130499895545654e-02
7.673393299955932889e-02
7.827121799891756382e-02
7.164681099857261870e-02
8.559813300053065177e-02
7.464432799861242529e-02
7.850197600055253133e-02
7.560707899938279297e-02
8.053097300035005901e-02
8.983732900014729239e-02
7.705122700099309441e-02
7.614275800005998462e-02
7.483734000015829224e-02
7.687755299957643729e-02
7.773741299934044946e-02
7.565790199987532105e-02
7.750000299893144984e-02
7.624643099916283973e-02
7.925964900096005294e-02
7.446996799990301952e-02
7.531704299981356598e-02
7.750391700028558262e-02
7.807256399973994121e-02
7.701794500098912977e-02
7.736746499904256780e-02
7.592929999918851536e-02
7.639616599954024423e-02
8.955117799996514805e-02
7.397155699982249644e-02
7.600224599991634022e-02
8.166182899913110305e-02
7.406067300144059118e-02
7.704104799995548092e-02
7.641282899930956773e-02
7.607083599941688590e-02
7.942727800036664121e-02
7.534464699892851058e-02
7.519167799910064787e-02
7.541139299974020105e-02
7.423768400076369289e-02
7.531382199886138551e-02
7.348196800012374297e-02
7.762518600065959617e-02
7.482629500009352341e-02
7.378135099861538038e-02
8.450306399936380330e-02
7.340819700038991868e-02
7.863244100008159876e-02
7.816103500044846442e-02
7.533883399992191698e-02
7.373659700169810094e-02
7.595677199969941285e-02
7.534556199971120805e-02
7.551284699911775533e-02
7.542186099999526050e-02
7.527449600092950277e-02
7.653491599921835586e-02
7.911177099958877079e-02
7.725896700139855966e-02
7.926009999937377870e-02
7.863888900101301260e-02
7.997131799857015721e-02
8.091035899997223169e-02
7.845967399953224231e-02
8.038706600018485915e-02
7.873810400087677408e-02
7.732443999884708319e-02
7.630951500141236465e-02
7.522600999982387293e-02
7.363359600094554480e-02
7.703507400037779007e-02
7.836554999994405080e-02
7.601748900015081745e-02
8.537232599883282091e-02
7.646745000056398567e-02
7.311757299976306967e-02
7.898050700168823823e-02
7.494984699951601215e-02
7.765856999867537525e-02
7.598627699917415157e-02
7.785004099969228264e-02
7.529279800110089127e-02
7.476678599959996063e-02
7.436615199912921526e-02
7.548491200032003690e-02
7.909091100009391084e-02
7.658504500068374909e-02
7.814665400110243354e-02
7.499834400005056523e-02
7.714258400119433645e-02
7.645182499982183799e-02
7.549118899987661280e-02
7.483950900132185780e-02
7.404097800099407323e-02
7.501714200043352321e-02
7.457686000088870060e-02
7.311724700048216619e-02
8.154819300034432672e-02
7.714482300070812926e-02
7.682383900100830942e-02
7.753100899935816415e-02
8.012557099937112071e-02
7.806436999999277759e-02
7.486041699849010911e-02
7.742726700053026434e-02
7.694254200032446533e-02
7.870203600032255054e-02
8.833932299967273138e-02
7.768568599931313656e-02
7.501650899939704686e-02
7.513560799998231232e-02
7.668115299929922912e-02
7.935684000040055253e-02
7.800750799833622295e-02
7.851877400025841780e-02
7.548647899966454133e-02
7.941578700047102757e-02
7.928437000009580515e-02
7.741755600000033155e-02
7.447075299933203496e-02
8.850237600017862860e-02
7.593839299988758285e-02
7.600192300014896318e-02
7.792332999997597653e-02
8.914909399936732370e-02
7.869595200099865906e-02
7.601904199873388279e-02
7.610080599988577887e-02
7.989129499947011936e-02
7.870945600006962195e-02
7.379576200037263334e-02
7.690972800082818139e-02
7.882677299858187325e-02
7.944035800028359517e-02
7.960134799941442907e-02
8.134156000051007140e-02
8.117277699966507498e-02
7.899537000048439950e-02
7.610781599942129105e-02
7.363755299957119860e-02
7.633012900078028906e-02
7.830457300042326096e-02
7.815416300036304165e-02
7.569301900002756156e-02
7.748596000055840705e-02
8.872634399995149579e-02
7.883509100065566599e-02
1.009469389991863864e-01
7.788655299918900710e-02
7.849844900010793936e-02
7.525358299972140230e-02
7.442032200015091803e-02
7.856965899918577634e-02
7.338722399981634226e-02
7.503103199996985495e-02
7.686904900037916377e-02
7.995054299863113556e-02
7.440211200082558207e-02
7.370227699902898166e-02
7.599619500069820788e-02
7.590643299954535905e-02
7.699466700069024228e-02
7.396576900100626517e-02
7.672241699947335292e-02
7.554833799986226950e-02
7.727027999862912111e-02
7.407083399994007777e-02
7.467870299842616078e-02
7.608218300083535723e-02
7.777589499892201275e-02
7.937416100139671471e-02
8.709660299973620567e-02
9.159028099929855671e-02
7.683280300079786684e-02
7.529552000050898641e-02
7.756523900025058538e-02
7.423379000101704150e-02
7.522892599990882445e-02
7.173354900078265928e-02
7.744429999911517370e-02
7.880944799944700208e-02
7.946812800037150737e-02
7.697558700056106318e-02
7.326888199895620346e-02
7.630400800007919315e-02
7.537680299901694525e-02
7.446361000074830372e-02
7.563511999978800304e-02
7.570171499901334755e-02
7.871495399922423530e-02
7.792825900105526671e-02
7.784463300049537793e-02
7.361501299965311773e-02
7.533647499985818285e-02
7.502837500032910611e-02
7.425824599886254873e-02
7.825874400077736937e-02
8.067233100155135617e-02
7.860895100020570680e-02
7.570909899914113339e-02
7.622146799985785037e-02
7.922942500044882763e-02
7.925709600021946244e-02
7.999099500011652708e-02
7.965789400077483151e-02
7.756955299919354729e-02
7.968504499876871705e-02
7.068706099926203024e-02
7.590976000028604176e-02
7.761718400070094503e-02
7.467321600051946007e-02
8.009869699890259653e-02
8.021885600101086311e-02
7.880054000088421162e-02
8.096810300048673525e-02
7.868784300080733374e-02
7.752748100028838962e-02
7.583417000023473520e-02
7.969119200060958974e-02
7.701749000079871621e-02
8.000603400068939663e-02
7.758384999942791183e-02
7.693798700165643822e-02
7.392206599979544990e-02
7.529448900095303543e-02
7.939718800116679631e-02
7.501440600026398897e-02
7.885503499892365653e-02
7.849837399953685235e-02
7.545033899987174664e-02
7.813831800012849271e-02
7.368060500084538944e-02
7.751515500058303587e-02
7.842462900043756235e-02
7.471537600031297188e-02
7.763282000087201595e-02
7.787236500007566065e-02
7.927630699850851670e-02
8.020455800033232663e-02
7.484795800155552570e-02
9.093986200059589464e-02
7.705395000084536150e-02
7.578611099961563013e-02
7.473188000039954204e-02
7.516041000053519383e-02
7.727042799888295121e-02
7.995621999907598365e-02
7.692512100038584322e-02
7.682042299893510062e-02
7.574761300020327326e-02
7.642998400115175173e-02
7.706958999915514141e-02
7.854013699943607207e-02
7.614617800027190242e-02
8.551091499975882471e-02
7.694158300000708550e-02
7.735252800011949148e-02
7.697306899899558630e-02
7.821425799920689315e-02
7.416875099988828879e-02
7.793465200120408554e-02
7.505240099999355152e-02
7.798046600146335550e-02
7.565296000029775314e-02
8.892095599912863690e-02
7.819314799962739926e-02
7.772327900056552608e-02
7.951128099921334069e-02
7.617639800082542934e-02
7.652952700118476059e-02
7.727146399884077255e-02
7.668970700069621671e-02
7.706253399919660296e-02
7.805776400164177176e-02
8.102617599979566876e-02
7.500428899948019534e-02
7.823395000013988465e-02
7.761770399883971550e-02
7.787022100092144683e-02
7.588222400045196991e-02
7.602246100032061804e-02
7.574007000039273407e-02
7.593243300107133109e-02
7.891778100020019338e-02
7.620925899936992209e-02
7.794808200014813337e-02
7.674067300104070455e-02
8.025568599987309426e-02
7.876569800100696739e-02
7.686936000027344562e-02
7.997859100032655988e-02
8.004204000098980032e-02
7.724975000019185245e-02
7.409945699873787817e-02
7.616675099961867090e-02
7.445130999985849485e-02
7.769594800083723385e-02
7.459747800021432340e-02
8.009631099957914557e-02
7.518049700047413353e-02
7.706852099909156095e-02
7.541118799963442143e-02
7.671229700099502224e-02
7.480731400028162170e-02
7.632048999948892742e-02
7.587416000023949891e-02
7.622345399977348279e-02
7.573413700083619915e-02
7.356448100108536892e-02
7.597075199919345323e-02
7.753386900003533810e-02
7.732750199829752091e-02
7.485803300005500205e-02
7.441517500046757050e-02
7.450913899992883671e-02
7.563791199936531484e-02
7.341476100009458605e-02
7.658371100114891306e-02
7.334568999976909254e-02
7.511602699923969340e-02
7.506588400065083988e-02
7.913220000045839697e-02
7.613907300037681125e-02
7.610722899880784098e-02
7.470573799946578220e-02
7.492941199961933307e-02
7.568598299985751510e-02
7.901199900152278133e-02
7.476562000010744669e-02
7.978127900059917010e-02
7.702621099997486454e-02
8.997379399988858495e-02
7.422226199923898093e-02
7.757196300008217804e-02
7.872751799914112780e-02
7.440970500101684593e-02
7.793457800107717048e-02
7.489266199991106987e-02
7.938608400036173407e-02
7.858585199937806465e-02
7.496237200030009262e-02
7.565660999898682348e-02
7.810835900090751238e-02
7.741765299942926504e-02
7.659308600159420166e-02
7.792218200120260008e-02
8.035163800013833679e-02
7.688774599955650046e-02
7.491716699951211922e-02
7.830596399981004652e-02
7.711655400089512113e-02
7.957521299977088347e-02
7.438899400040099863e-02
7.656774300085089635e-02
7.638915399911638815e-02
8.912335499917389825e-02
7.534938199933094438e-02
7.392835700011346489e-02
7.498151599975244608e-02
7.526258700090693310e-02
7.742027999847778119e-02
7.792004200018709525e-02
8.052047899946046527e-02
9.145623100084776524e-02
7.929836000039358623e-02
7.541862799916998483e-02
7.869306300017342437e-02
7.988523200037889183e-02
7.551503100148693193e-02
7.685126399883301929e-02
7.434029599971836433e-02
7.631519799906527624e-02
7.164868399922852404e-02
7.536069200068595819e-02
7.714144499914254993e-02
7.664000400109216571e-02
7.746201500049210154e-02
7.919959599894355051e-02
7.462892800140252803e-02
