2.176181190006900579e-01
2.143800720004946925e-01
2.060129450001113582e-01
2.105646130003151484e-01
2.195170550003240351e-01
2.161629099991841940e-01
2.021998050004185643e-01
2.021653920000971993e-01
2.048150310001801699e-01
2.081867819997569313e-01
2.068615509997471236e-01
2.283192119994055247e-01
2.193710490009834757e-01
2.098452529990026960e-01
2.172005940010421909e-01
2.088320750008278992e-01
2.054660850008076522e-01
2.089694599999347702e-01
2.074984009996114764e-01
2.189131149989407277e-01
2.215595809993828880e-01
2.199718179999763379e-01
2.838638489993172698e-01
2.208212820005428512e-01
2.181322239994187839e-01
2.093877369989058934e-01
2.854761050002707634e-01
2.163247569988016039e-01
2.088427269991370849e-01
2.082680710009299219e-01
2.070258010007819394e-01
2.115522849999251775e-01
2.127636389996041544e-01
2.113218579997919733e-01
2.182793920001131482e-01
2.193036750013561687e-01
2.098536030007380759e-01
2.104521059991384391e-01
2.097799700004543411e-01
2.092063210002379492e-01
2.070432919990707887e-01
2.085140789986326126e-01
2.147837780012196163e-01
2.126811610014556209e-01
2.441753920011251466e-01
2.151287630003935192e-01
2.093522309987747576e-01
2.235044230001221877e-01
2.226924400001735194e-01
2.205125509990466526e-01
2.140890629998466466e-01
2.230591389998153318e-01
2.232564440000714967e-01
2.076108799992653076e-01
2.155112689997622510e-01
2.093102700000599725e-01
2.088909260000946233e-01
2.129562840000289725e-01
2.148868839994975133e-01
2.115683609990810510e-01
2.179281699991406640e-01
2.170585019994177856e-01
2.176424700010102242e-01
2.140448529989953386e-01
2.203981580005347496e-01
2.092245429994363803e-01
2.193783109996729763e-01
2.173230700009298744e-01
2.214190360009524738e-01
2.216337609988840995e-01
2.110745770005451050e-01
2.112095329994190251e-01
2.142011779997119447e-01
2.149534510008379584e-01
2.178883449996646959e-01
2.214616729997942457e-01
2.164569440010382095e-01
2.237962050003261538e-01
2.488455460006662179e-01
2.150637190006818855e-01
2.123436470010346966e-01
2.093335979989205953e-01
2.223236079989874270e-01
2.187962750012957258e-01
2.221766370003024349e-01
2.086916339994786540e-01
2.223785660007706610e-01
2.175860690003901254e-01
2.127257350002764724e-01
2.163270119999651797e-01
2.108507299999473616e-01
2.168926159993134206e-01
2.198662390001118183e-01
2.106215369985875441e-01
2.519998679999844171e-01
2.529603749990201322e-01
2.155725449993042275e-01
2.142009479994158028e-01
2.179582909993769135e-01
2.084568850004870910e-01
2.037392689999251161e-01
2.156673860008595511e-01
2.143717439994361484e-01
2.185769549996621208e-01
2.493794290003279457e-01
2.050994450000871439e-01
2.218280279994360171e-01
2.171492380002746359e-01
2.150955170000088401e-01
2.091288240007997956e-01
2.102520030002779095e-01
2.094247549994179280e-01
2.164736300001095515e-01
2.183164019988907967e-01
2.124230889985483373e-01
2.156462109996937215e-01
2.103796789997431915e-01
2.088422099986928515e-01
2.102350790009950288e-01
2.110488489997806028e-01
2.146871559998544399e-01
2.131751859997166321e-01
2.100797920011245878e-01
2.095847489999869140e-01
2.039228159992489964e-01
2.082071049990190659e-01
2.103759379988332512e-01
2.135328980002668686e-01
2.154319729997951072e-01
2.211356409989093663e-01
2.112429620010516373e-01
2.170291520014870912e-01
2.112708500008011470e-01
2.186527619996923022e-01
2.115678600002866006e-01
2.108269000000291271e-01
2.084989129998575663e-01
2.470421480011282256e-01
2.076580230004765326e-01
2.160619129990664078e-01
2.157079199987492757e-01
2.169018690001394134e-01
2.131496319998404942e-01
2.048378459985542577e-01
2.340024290006113006e-01
2.484681119985907571e-01
2.521091700000397395e-01
2.509866849995887605e-01
2.467650069993396755e-01
2.492091050007729791e-01
2.447555639992060605e-01
2.430178959984914400e-01
2.413625819990556920e-01
2.480731920004473068e-01
2.449363229989103274e-01
2.461108019997482188e-01
2.301491579983121483e-01
2.363197979993856279e-01
2.084756919994106283e-01
2.261011350001354003e-01
2.448835989998769946e-01
2.442534840010921471e-01
2.469277760010299971e-01
2.041802879994065734e-01
2.049888820001797285e-01
2.009989059988583904e-01
2.032893350005906541e-01
2.048459420002473053e-01
2.022348749997036066e-01
2.050685430003795773e-01
2.070002430009481031e-01
2.035077820000879001e-01
2.041495209996355698e-01
2.134739000011904864e-01
2.135257350000756560e-01
2.114177039984497242e-01
2.161034709988598479e-01
2.075939979986287653e-01
2.148153620000812225e-01
2.172825879988522502e-01
2.190256339999905322e-01
2.105287370013684267e-01
2.018068079996737652e-01
2.130656019999150885e-01
2.389436890007345937e-01
2.416734939997695619e-01
2.132515430002968060e-01
2.132919380001112586e-01
2.126008699997328222e-01
2.076984079994872445e-01
2.024935850004112581e-01
2.186035480008285958e-01
2.145333959997515194e-01
2.205867630000284407e-01
2.072825039995223051e-01
2.073768989994277945e-01
2.104578019989276072e-01
2.042247629997291369e-01
2.081126360008056508e-01
2.091581940003379714e-01
2.107445199999347096e-01
2.100529879990062909e-01
2.031150249986239942e-01
2.086679320000257576e-01
2.101278549998824019e-01
2.225066020000667777e-01
2.134099699997022981e-01
2.104169290014397120e-01
2.042108979985641781e-01
2.165148170006432338e-01
2.056086880002112594e-01
2.044785130001400830e-01
2.106373759997950401e-01
2.095140399997035274e-01
2.075535620006121462e-01
2.158242060013435548e-01
2.138651559998834273e-01
2.141668540007231059e-01
2.096966389999579405e-01
2.046747969998250483e-01
2.092306329996063141e-01
2.100721020015043905e-01
2.029372760007390752e-01
2.056377560002147220e-01
2.174873769999976503e-01
2.086384419999376405e-01
2.137795630005712155e-01
2.082190620003530057e-01
2.180205629992997274e-01
2.081108000002132030e-01
2.133940419989812654e-01
2.047781879991816822e-01
2.066405829991708742e-01
2.072712779990979470e-01
2.052810469995165477e-01
2.059675919990695547e-01
2.036932720002369024e-01
2.092887279995920835e-01
2.201462049997644499e-01
2.156719029990199488e-01
2.073985879997053416e-01
2.118622760008292971e-01
2.070330290007404983e-01
2.079727359996468294e-01
2.107627810000849422e-01
2.136533279990544543e-01
2.088774610001564724e-01
2.152978680005617207e-01
2.007174390000727726e-01
2.071047999997972511e-01
2.131371159994159825e-01
2.065213179994316306e-01
2.527376750003895722e-01
2.183002860001579393e-01
2.056295069996849634e-01
2.143734070014033932e-01
2.127916890003689332e-01
2.121633329988981131e-01
2.077758859995810781e-01
2.118798920000699582e-01
2.117047550000279443e-01
2.198777440007688710e-01
2.087138730003061937e-01
2.209160370002791751e-01
2.490094479999243049e-01
2.157884590014873538e-01
2.159622109993506456e-01
2.100866179989679949e-01
2.132267360011610435e-01
2.196588749993679812e-01
2.053652199992939131e-01
2.535671959994942881e-01
2.182330569994519465e-01
2.127484399989043595e-01
2.277209300009417348e-01
2.176928980006778147e-01
2.183411149999301415e-01
2.099393549997330410e-01
2.176837300012266496e-01
2.224075140002241824e-01
2.192667540002730675e-01
2.147430160002841149e-01
2.036636500015447382e-01
2.135149959995032987e-01
2.140597380002873251e-01
2.083127870009775506e-01
2.070445749995997176e-01
2.133517809998011217e-01
2.077499699989857618e-01
2.038513509996846551e-01
2.121248399998876266e-01
2.009541619991068728e-01
2.087260890002653468e-01
2.119974139986879891e-01
2.126981069995963480e-01
2.010358530005760258e-01
2.143178099995566299e-01
2.040750320011284202e-01
2.069801769994228380e-01
2.184343219996662810e-01
2.140344609997555381e-01
2.174856270012242021e-01
2.214453409997076960e-01
2.074049370003194781e-01
2.104577730005985359e-01
2.045347880011831876e-01
2.115106759993068408e-01
2.026855120002437616e-01
2.103512579997186549e-01
2.052353819999552798e-01
2.076133789996674750e-01
2.023825500000384636e-01
2.095049449999351054e-01
2.104573540000274079e-01
2.063319480002974160e-01
2.012622840011317749e-01
2.057887620012479601e-01
2.108682859998225467e-01
2.087278859999059932e-01
2.130417850003141211e-01
2.362873490001220489e-01
2.040003149995754939e-01
2.057494170003337786e-01
2.082403949989384273e-01
2.043943440003204159e-01
2.123534099991957191e-01
2.101353639991430100e-01
2.079650569994555553e-01
2.115113050003856188e-01
2.084050239991483977e-01
2.087773979983467143e-01
2.034756860011839308e-01
2.215368039996974403e-01
2.174614300001849188e-01
2.077789539998775581e-01
2.089554300000600051e-01
2.137258729999302886e-01
2.133794950004812563e-01
2.103815000009490177e-01
2.061222219999763183e-01
2.138618470016808715e-01
2.182095990010566311e-01
2.149533080009859987e-01
2.156164790012553567e-01
2.102972579996276181e-01
2.097396000008302508e-01
2.219617500013555400e-01
2.071236050014704233e-01
2.133172080011718208e-01
2.108115450009790948e-01
2.089926750013546553e-01
2.022653269996226300e-01
2.030991280007583555e-01
2.079735730003449135e-01
2.176932000002125278e-01
2.123456659992370987e-01
2.095164430011209333e-01
2.108922890001849737e-01
2.117344830003276002e-01
2.106779400000959868e-01
2.117162920003465842e-01
2.063699919999635313e-01
2.110904310011392226e-01
2.094282350008143112e-01
2.092196329995203996e-01
2.063414260010176804e-01
2.044311900008324301e-01
2.054369060006138170e-01
2.094386919998214580e-01
2.056939039994176710e-01
2.400780010011658305e-01
2.126651100006711204e-01
2.106074740004260093e-01
2.007083770004101098e-01
2.043363709999539424e-01
2.013174799994885689e-01
2.088070280005922541e-01
2.085086460010643350e-01
2.077052670010743896e-01
2.097384519984188955e-01
2.106647070013423217e-01
2.173687020003853831e-01
2.151761180011817487e-01
2.052956730003643315e-01
2.096178319989121519e-01
2.193490950012346730e-01
2.106272849996457808e-01
2.114917839990084758e-01
2.119489469987456687e-01
2.103544130004593171e-01
2.096325839993369300e-01
2.099790320007741684e-01
2.014086389990552561e-01
2.130288730004394893e-01
2.044860790010716300e-01
2.097985060008795699e-01
2.063652929991803830e-01
2.041452479988947744e-01
2.079048929990676697e-01
2.050517759998911060e-01
